0 0.5178082977160079 0.060313941534665724 0.058133404567984215 0.04052914727484327
0 0.5102171257351691 0.1303075771405794 0.05236808344622812 0.07895391848667059
0 0.49535236431520835 0.21932227971595492 0.04077548620519007 0.06556109818322886
0 0.4805285464728124 0.30755573229133043 0.04406426051544958 0.06894118969849794
0 0.46957003505285166 0.3968892992607923 0.05319359905006031 0.06501896424430509
0 0.4512936685899368 0.49111766032089876 0.058044873360319826 0.06852660151720862
0 0.439014996609098 0.5607286586539088 0.056072937584671044 0.06058655575957417
0 0.4257979443705343 0.6632159298657362 0.0741545522385636 0.10873701333591938
0 0.41512936001979517 0.7619882697140152 0.07210737336031983 0.06967451333591956
0 0.3930828623946443 0.9131841078953045 0.062234406377006654 0.08909419303247787
0 0.37143251244007286 0.9792962303102307 0.08180992198083885 0.0414075393795386