0 0.5199231760542455 0.2867285481557296 0.04114021046687384 0.06337282218833344
0 0.3657824366481763 0.2121435094023961 0.020297089448421436 0.0269989110941667
0 0.5609632179358588 0.5225212310013894 0.03470819994353036 0.06010235182361114
0 0.5801311759130711 0.43636617866468796 0.019280621018452494 0.036337543502986056
0 0.5099937101845253 0.3707580560395143 0.026911110495108838 0.033394381458888844
0 0.40549300988805914 0.6796219501318406 0.040412168373499216 0.050872822188333444
0 0.5066977360693615 0.8231920718070838 0.02874662628012441 0.03811824905006951
0 0.6501992941595134 0.6213418971295491 0.026638094710093263 0.028706881458888844
0 0.5694175439477519 0.8418160916587156 0.027366136803468066 0.041206881458888844
0 0.5283543862387707 0.6458126074262852 0.08789338410204497 0.11595361474138884
0 0.5155296205949295 0.4925966884483337 0.06134629465362344 0.08880923328249998