0 0.26896681940233036 0.44481402531256153 0.05983865016215582 0.02863592068857255
0 0.24837940422264088 0.28071431977759864 0.025245461850553142 0.014935519237293703
0 0.48370938352635956 0.547683598085385 0.05819432954530477 0.0238938569862416
0 0.3947014306042602 0.5414484670525261 0.03456591477265238 0.012137901451278665
0 0.353932154629678 0.45872524708959317 0.03160455600635448 0.02140377404661713
0 0.6872083047918338 0.4437848156860654 0.047393197240056396 0.031324411069925694
0 0.7919894878284307 0.576428679295729 0.0347295560063543 0.02151290145127884
0 0.5498098961082614 0.6570883691367773 0.0269170560063543 0.021240082939624472
0 0.7893087727314667 0.6404366155933982 0.03780000892845372 0.018497028855940557
0 0.613437793834785 0.5498686353788461 0.10734094155801355 0.06621033175849825
0 0.47051963677277053 0.4971925247644073 0.08354888555165907 0.045079376223535306