0 0.8025318451876047 0.9963476810736841 0.06163887272903627 0.007304637852631757
0 0.83728986927437 0.9119074898773742 0.038615960910325244 0.035746052425594144
0 0.8465056304842576 0.8536804016960851 0.04457891848667046 0.05175368969849785
0 0.37120299942027185 0.7256366972845416 0.05982128121376693 0.04834164727484343
1 0.23532965911295073 0.6012429909161442 0.38724439273291544 0.18061098183228844
1 0.46482596941445287 0.57962230880369 0.862307778797871 0.33424461760738
0 0.8876893845671436 0.64518211760738 0.05226387272903601 0.05082891848667046
0 0.4653365392588526 0.4717938333494972 0.09180460485118865 0.07889001666989941
1 0.5268969530344175 0.4297814186558485 0.946206093931165 0.41619573246050834
0 0.9138058612292843 0.5278031700329743 0.05111596091032524 0.03676641848667046
1 0.5198332363742164 0.32180955092778224 0.9007642430421761 0.38705062427533987
1 0.5373080366737788 0.2316627830499348 0.9030920175879833 0.3965531700329743
0 0.9466826498599172 0.37915824700437584 0.04811850666796005 0.03807382697140156
1 0.54765625 0.21189228805090465 0.9046875 0.408223993670396
1 0.634375 0.16975232759962136 0.73125 0.29562891457296253
0 0.9786509650778001 0.20889341549104645 0.04269806984439981 0.045758781213767016
0 0.783416214872525 0.6987539145729625 0.14148561151914835 0.11709138939893542