1 0.058780226216954466 0.64140625 0.08553962530733168 0.5953125
1 0.18230773324626778 0.91171875 0.05465757485477489 0.1
1 0.19276346629215702 0.48203125 0.30115193258431405 0.9640625
0 0.3097304884180635 0.44375 0.03684933664159917 0.053125
1 0.4874917311793531 0.72109375 0.17434526012968518 0.55625
0 0.5366185516909019 0.9875 0.035539393713693815 0.025
0 0.6274618755122194 0.9921875 0.04447774607105863 0.015625
1 0.4254496877561097 0.49609375 0.30714937551221944 0.9921875
1 0.682641565339753 0.734375 0.19349336641599155 0.53125
1 0.7550472965236154 0.5109375 0.31118190404826684 0.978125
1 0.9109548482190265 0.55390625 0.05723891935425698 0.121875
1 0.8948416191065878 0.5234375 0.21031676178682437 0.953125
1 0.9724764675350113 0.32265625 0.05504706492997755 0.5265625
0 0.49869017286891354 0.25703125 0.10596751778268025 0.128125