1 0.12091071171843822 0.8663169699629332 0.03910409327423636 0.26736606007413366
0 0.07986999116628477 0.04416171696770822 0.03183188145888891 0.026091274046617107
0 0.1376461235751042 0.044618073953949886 0.012936411094166678 0.01918650961864684
1 0.2234323804120492 0.6743948539910167 0.05281075588701443 0.6512102920179664
0 0.23000315662885445 0.35696679573098156 0.02583645459715278 0.036810519237293705
0 0.1895781783803475 0.3641418894703793 0.024528527735416715 0.04769345553496285
1 0.2825112139995489 0.3993923979078998 0.055356487269653434 0.7684970288559405
0 0.24222452080156254 0.04358634201011723 0.025945557370694504 0.041498019237293696
1 0.33415167486496583 0.6670387109772584 0.04387216698118106 0.665922578045483
1 0.3524262833380907 0.5131374228191572 0.049474082443750865 0.9737251543616857
1 0.4068390667730906 0.40841771224320284 0.04002242799909794 0.780451391832632
1 0.42676382817225705 0.09062257703399278 0.037575348023888996 0.13870040145127882
0 0.46727907218833337 0.05378726514576047 0.028706881458888844 0.025982146641955417
1 0.45824313829583385 0.6635615361123347 0.06443924011944499 0.6728769277753306
1 0.5612700340036808 0.30218261432745386 0.054225172680764364 0.5186607199629332
1 0.5841061623284377 0.2100868835647475 0.04575544319798652 0.35599702885594053
1 0.5980356029609728 0.8315873390148922 0.05360431078916683 0.3368253219702154
1 0.6272626291777781 0.5103125397405318 0.07327525835555626 0.9793749205189364
1 0.6526769372140627 0.3389410590626435 0.050810538372083866 0.5731845288559405
0 0.6796641966164589 0.6935020734906138 0.05846711664125017 0.030143856986241602
1 0.7405438791777781 0.5121813465453636 0.08577525835555626 0.9756373069092728
1 0.8022626291777784 0.513258979666398 0.08577525835555652 0.9734820406672041
1 0.8477082946403479 0.8218490124246127 0.058946427430417 0.35630197515077455
1 0.8683812045002437 0.6699281311176768 0.06603810771062583 0.6601437377646464
0 0.8241343631258683 0.3605407844678722 0.025727351823611144 0.0321230192372937
0 0.8921635434060768 0.6673562688587756 0.02518314437666689 0.07581845553496294
1 0.9362954031134727 0.6686483733131284 0.08020971048416711 0.6627032533737431
0 0.9407712296702091 0.9993899418247828 0.0271443814588892 0.0012201163504343526
1 0.9817435753224654 0.6721652429132419 0.036512849355069224 0.6556695141735162
0 0.43474259517409736 0.23219251814098535 0.07652874525034722 0.1353769940095502