1 0.8803273285534189 0.13808242857416592 0.23792724687674188 0.07896537385944465
0 0.08581932533196497 0.01831228248506937 0.029887487899751576 0.03506598423243058
0 0.07689377722555893 0.07554355423656242 0.020403403590796176 0.01609777868534725
1 0.6806495154198982 0.22162554644968693 0.6367010901626878 0.14605160961048663
0 0.37068416296057005 0.19603201329902747 0.0392352168225127 0.03059668977951393
0 0.38496937675802073 0.15742345497840243 0.050172716822512786 0.030851262917777823
1 0.4086290696746242 0.2529535073151038 0.7555147226762452 0.159753046540209
0 0.05832960870584396 0.17830553153513884 0.04080680718159235 0.03219555737069446
1 0.6636160306434045 0.3298199061570828 0.6694772287263696 0.14056532902527827
1 0.5104910306434045 0.33338393009277734 0.9759635780624395 0.18831837689666742
1 0.3961921813073344 0.376663764248958 0.7632454094445287 0.1458723844961117
1 0.07520297043675002 0.3661685542365624 0.12998748184962738 0.05458101006798621
0 0.02655639217791882 0.40323344956315965 0.028306807181592352 0.031904616641249994
1 0.648067777814734 0.45125914827329805 0.6992829033944045 0.16156881325770894
1 0.2580114461380573 0.5197442298640276 0.5160228922761146 0.12613654027194485
1 0.1696574732654204 0.532736498765729 0.3393149465308408 0.09390200246854193
1 0.7947968111886131 0.6071974109067354 0.3771170119038567 0.10407708947451422
1 0.48910236485416403 0.6065493263693051 0.9782047297083281 0.2119013472613897
1 0.2811853257247484 0.6121674659963192 0.5623706514494968 0.13191506800736158
0 0.624129787184508 0.6720989783454161 0.0362920240041051 0.06177395459715278
1 0.4817665878249969 0.7184317305296176 0.9635331756499937 0.2256365389407648
1 0.4769018258229443 0.7786970833031593 0.9538036516458887 0.22385583339368137
1 0.7449321248131131 0.8536373062333327 0.4053056444174139 0.11566920611576421
1 0.5902218989154141 0.8611439477602078 0.7071226744716433 0.16643815121361172
0 0.2672707331261736 0.7850782891345831 0.034556807181592396 0.03205008700597212
0 0.5596440646064587 0.8806031157882288 0.07832498789975162 0.03619337955902786
1 0.5781849863476275 0.9161042046940621 0.7117556323171655 0.15717225398715334
0 0.8935054593184603 0.9611017012755895 0.028297716822512697 0.030342116641249816
1 0.5725253388069556 0.9490439912631938 0.7035613372358217 0.0913654160312504
0 0.21021831987101597 0.3872415075994443 0.14271474082661778 0.09393445079743064