1 0.6595340282489826 0.8952544563718687 0.45994268577927466 0.11187518527491029
0 0.7841388725471325 0.14976852026838888 0.07509284190105418 0.044045406533975304
1 0.8129509165390838 0.35741620037601274 0.12423067885919252 0.06348891935425689
1 0.4457435119001792 0.431658644956548 0.8572288626613009 0.1787246608726923
1 0.46652553859192486 0.5574933988854894 0.8914128616727176 0.1756382022290211
1 0.4815058928502687 0.6562027266357484 0.8239706936879401 0.16625889412346934
0 0.8630689106447658 0.7229662717161309 0.05908583992388792 0.03394266046291676
1 0.7122598498469006 0.9419260951231637 0.5754803003061987 0.080197153843379
1 0.7642508423953458 0.1027672417323416 0.4714983152093085 0.12681098056018064
1 0.515625 0.04692850392894143 0.96875 0.09385700785788285
1 0.7970089456651065 0.28110841150088317 0.40598210866978696 0.10536832009726389