1 0.48605473472683813 0.6834122020568495 0.060113084514581416 0.16043288896415203
1 0.5589508166205259 0.7152630676152533 0.060893136950904925 0.22120661465389252
1 0.487624420108897 0.31909739653892555 0.05142040252860856 0.09768722749876275
0 0.29415832895902705 0.6414316627085848 0.03365310919158375 0.03913774310259512
1 0.3233835564414932 0.7208259136130959 0.04502830505721711 0.1923446302577247
1 0.10459398364710401 0.6844435990500604 0.027142293337024892 0.059040807326946346
1 0.14148031924141963 0.8197702674128546 0.06395518506829179 0.36045946517429084
1 0.1942048010428223 0.8148304618949306 0.07100622146548638 0.3703390762101389
1 0.23733423734773185 0.7996292650380054 0.07060570326688911 0.3727691146538925
1 0.5050490707825791 0.9796000480546923 0.06181768198597286 0.040799903890615496
0 0.7342766933923981 0.9603752510160529 0.03597707279438911 0.026801517412854282
1 0.9920592011074207 0.9369023722286661 0.01588159778515852 0.1261952555426678
1 0.8631562577057974 0.7762714094292243 0.1325025308416401 0.44745718114155136
1 0.8529265638427488 0.9515375426833959 0.046872604872647015 0.09692491463320821
0 0.9181417512273924 0.9256295160540582 0.04004281153562204 0.06594590456798421
1 0.08420712831303165 0.3906117118949306 0.15188809067921938 0.7663420522385637
1 0.11421959361388008 0.1663829958161285 0.0870131508305656 0.31289614767057927
1 0.16795706045588799 0.0936725141334942 0.04615071406423077 0.1612584045679843
1 0.027280798117386866 0.14625420228399216 0.05356030073828052 0.2768834045679843
1 0.41997014342930994 0.11388759610938426 0.06141476866002264 0.18074538896415207
1 0.3609977706626074 0.5083967554270669 0.14054528222591625 0.9832064891458663
1 0.5428626326319683 0.33055719696846686 0.07478776526393656 0.6081334045679843
1 0.587495209745294 0.2737206987774892 0.059365419490588066 0.4889739687923355
1 0.659335141112958 0.5153947851643934 0.14367028222591607 0.9692104296712133
1 0.7530350763381335 0.5177285690855913 0.1529451526762669 0.9645428618288175
1 0.819613702187155 0.4330458683834788 0.13922740437430994 0.7874800678423959
1 0.8911439504891119 0.629393087402957 0.1669518861757126 0.741213825194086
1 0.96484375 0.23605243893940814 0.0703125 0.3746591632744115
1 0.40169712599667984 0.8030065705559293 0.08102157155777139 0.39398685888814133