1 0.08722907455291543 0.6372928348473093 0.1137628887847211 0.5910393303053814
1 0.21294870183874828 0.8961260877222472 0.06003796427907384 0.10108401000193971
1 0.21377386776671203 0.47743947378720286 0.35567273553342404 0.9548789475744057
0 0.32751444754990655 0.4249053077164282 0.038886134213055444 0.05436850666795974
1 0.5086734305379152 0.6878682090741574 0.20409536286573965 0.5596295757634536
0 0.56295755523185 0.9485985439214668 0.03656221658814811 0.027806006667959692
0 0.6509360088605074 0.9469247314939327 0.04498030933083328 0.01763378121376711
1 0.4425529786526843 0.48466242923751623 0.36323095730536853 0.9693248584750325
1 0.7005970903871283 0.6871513766427441 0.2206581462775917 0.536160124855068
1 0.7682754400570361 0.4762127162011591 0.36655144693777597 0.9524254324023183
1 0.9222103758252305 0.495171944361112 0.06392438190398124 0.12777405575957418
1 0.8866305671065277 0.46862374362190434 0.22673886578694463 0.9372474872438087
1 0.9669332217719443 0.262900159982543 0.06613355645611137 0.525800319965086
0 0.509450078322592 0.22908326937565954 0.11134618605101831 0.13785042848861026