0 0.27064380595163706 0.16853808518109678 0.0768473079967011 0.119324313011266
0 0.7007545739648326 0.6243762789002554 0.0931088054894186 0.14165395407749273
0 0.38486411566419776 0.37441234897115033 0.04597774122451135 0.077835494985435
0 0.3177759040648575 0.3997820735026143 0.05879598997087019 0.08913670783841657
0 0.2870103227111914 0.6254867671552657 0.053381064264907255 0.0640003155185486
0 0.1522023798499627 0.3491779829112412 0.039045779625171126 0.05421613855894432
0 0.12498901049134825 0.39914689067051545 0.045523100158284535 0.06221049498543509
0 0.13724966660126986 0.5143172496042886 0.041897994985435096 0.04493206677218975
0 0.15078331769662653 0.5857376085380618 0.02563649749271755 0.022602425705962936
0 0.4671921970178638 0.14720733979995032 0.02099446159934022 0.024028533386094876
0 0.6082681749145401 0.2617519099373523 0.026136602665567034 0.03978992570596294
0 0.5552341031277854 0.2601726895625235 0.04842077962517113 0.05448892319868044
0 0.5189603193459792 0.4337382216949771 0.03725595909205772 0.0463581744523216
0 0.8856895151102018 0.5729404963720903 0.02756271034569906 0.03514788981258547
0 0.8545518607161398 0.7846054220780532 0.027471782132453625 0.03202288981258548
0 0.506192231724107 0.6042780422280905 0.029216138558944494 0.038318353919208195