0 0.7727912895754074 0.2862525986987839 0.06050148801421233 0.11444203423772628
0 0.22822358152566413 0.6409403847914366 0.07414790818602893 0.13711807063492074
0 0.6051932745374021 0.46285826418420245 0.03657930913596861 0.0739777205426357
0 0.6658098699694179 0.5028009461701753 0.049570632066746965 0.08415375693983015
0 0.6390924824756038 0.7284122154485068 0.048260437584671044 0.05915375693983034
0 0.8445457016066236 0.4876031500553733 0.032307888964152195 0.05190246144333699
0 0.8581677883322121 0.5417795103266911 0.03888543758467122 0.0585529796419344
0 0.81555316316287 0.6519264659099321 0.03634029172311415 0.039702850092285046
0 0.7846473219147256 0.7181429487910689 0.022857645861557075 0.02015181369509058
0 0.5824429285395596 0.2238865993170927 0.018252033016686653 0.021413925046142524
0 0.4119456428093393 0.30624161705426467 0.020633404567984216 0.03713905459579188
0 0.4663465377663852 0.3152149012919909 0.04308161465389251 0.04947836829088228
0 0.45705234565915837 0.49255865129199095 0.03025406603337366 0.04242733189368782
0 0.05731793928215172 0.5516008752307127 0.023512743102595036 0.032651813695090584
0 0.03364034260694059 0.7640810888335181 0.024911468792335533 0.029626943244739933
0 0.4262107021724505 0.6622505875969005 0.023676517412854637 0.03577681369509058