0 0.828125 0.6792560577812315 0.11875 0.08278592378986112
0 0.340625 0.2751173501817141 0.1421875 0.10120173111680746
0 0.61328125 0.5764530416115724 0.0765625 0.05088747060135788
0 0.5921875 0.644746018205824 0.0890625 0.06404256784239593
0 0.36796875 0.6893093249669434 0.0625 0.056400486205190246
0 0.65390625 0.8086989755781989 0.053125 0.041846663274411444
0 0.6046875 0.838622170964786 0.0609375 0.048506099050060314
0 0.48828125 0.8322227640219525 0.04375 0.04448034034363317
0 0.41640625 0.8227083231579211 0.0234375 0.026228307326946164
0 0.83671875 0.4811494284280179 0.0234375 0.02310330732694634
0 0.71171875 0.34551290083839803 0.0390625 0.028609678878243727
0 0.7171875 0.3991325457954439 0.0546875 0.05130355042954129
0 0.5453125 0.4448588828597166 0.0453125 0.03831222749876275
0 0.38125 0.08626953414834053 0.034375 0.028364017412854547
0 0.1703125 0.13013680009085704 0.0328125 0.02984463025772479
0 0.3734375 0.4687102199239893 0.0390625 0.03173467887824373