0 0.4733258007586043 0.04928529404241601 0.05915160151720862 0.05723461124870501
0 0.4808669759132348 0.13213418134596894 0.04974465060882309 0.07547518899896401
0 0.48435837985603775 0.22257724482820426 0.037786784547746775 0.062465766749222974
0 0.4869409880412062 0.3114214210068867 0.041166876063016035 0.06573631596343468
0 0.49433864198400934 0.40204642100688676 0.05003169303247788 0.05992296360606986
0 0.49599647895735055 0.4986303225784633 0.05497428454774696 0.06326628742738745
0 0.4977660151720874 0.5679796360606987 0.05433655575957417 0.05545378742738745
0 0.5063115809336012 0.6726671360606986 0.07053538273097573 0.10134848428423435
0 0.5159094636645769 0.7711774106678044 0.06890923879011232 0.06235875889134022
0 0.5244389250339442 0.9233392241500399 0.05975737939699588 0.08372433664159899
0 0.5196873942792191 0.9875129243166556 0.07700878121376711 0.0249741513666887