0 0.9549906730546922 0.4702944222995146 0.0900186538906155 0.07111389342673605
0 0.8683161465389254 0.4883884992375007 0.07778416327441136 0.05487064437666671
0 0.7881716231331772 0.5075911344961117 0.06471095318850324 0.04364220364722229
0 0.7095895997274289 0.5268301373459033 0.06799972749876275 0.04683993882958344
0 0.6284591084338562 0.5421083388089241 0.06207727611928178 0.05294446846486114
0 0.5437908593383673 0.5643268712939935 0.0670923247398008 0.05930357123840295
0 0.48219161804479455 0.5800596676467713 0.05911605042954129 0.05599673328249999
0 0.3887658446390462 0.5989531783803475 0.10557497060135779 0.07892639342673621
0 0.2998228533454735 0.6140495418874655 0.06914614767057933 0.06871493882958327
0 0.16404248360319826 0.6436616938635765 0.08608798620519006 0.0644274823325695
0 0.09043456524040405 0.6684785494869098 0.07432497060135783 0.07819904160312507