0 0.39609375 0.30510108383381374 0.0375 0.0646841262801244
0 0.2234375 0.2973887524190745 0.0171875 0.027563557878390377
0 0.53046875 0.5215212863375929 0.03125 0.06432010523343692
0 0.5125 0.4282872258283665 0.0171875 0.040063557878390374
0 0.421875 0.39254017065139923 0.025 0.03583108418674961
0 0.4484375 0.7433060100998207 0.0375 0.053746626280124235
0 0.60078125 0.8428040231128261 0.0265625 0.0390470894484217
0 0.653125 0.5810089493788329 0.0234375 0.02949007892507769
0 0.66640625 0.8341262441030437 0.0234375 0.041990078925077515
0 0.55 0.6570338521084909 0.08125 0.12191977360693614
0 0.4765625 0.512131604809914 0.0578125 0.09555469468185844