1 0.610802567060045 0.7487385838085392 0.09546690782296263 0.16913237939699588
1 0.5352653248357393 0.754207591684447 0.11200915033009214 0.23408769970043758
1 0.6295274239399993 0.3864775709316616 0.07308476842611089 0.10835437606301594
0 0.8044548222438411 0.7723029848764043 0.04289012902925924 0.0469386439408634
1 0.7701180699347671 0.8408617951779064 0.08882592855814764 0.19961710485118864
1 0.9850053815979158 0.8790307012467412 0.029989236804168228 0.06387105242559414
1 0.9383453493406012 0.9088793741061618 0.12330930131879754 0.18224125178767636
1 0.8918652222911095 0.8933660733475575 0.14437188246962904 0.21326785330488499
1 0.8485157634786559 0.878299182740674 0.14982080009453647 0.243401634518652
0 0.34651305754092415 0.9373715516766883 0.04193322177194432 0.0360011439408634
1 0.08885779948240582 0.8294642304551626 0.045115593308333056 0.14330346091032525
1 0.23026546654166533 0.7168999418245298 0.2359127079174991 0.480005719704317
1 0.22923808317708164 0.8913419613693672 0.06908077360990719 0.11578423879011232
0 0.16419955207430395 0.8394926768216202 0.054725747690925794 0.07582891848667046
1 0.9305657862865739 0.5763521113984622 0.13886842742685204 0.794929346975281
1 0.9655853352498147 0.3518781409452393 0.06882932950037066 0.3407522878817268
1 0.9593695105090045 0.27013393336889385 0.08126097898199092 0.17774210485118863
1 0.7092854000472683 0.20760288502618546 0.1020682223375923 0.19139001666989944
1 0.7439001566451842 0.5602669177377646 0.35905201376147977 0.8794661645244709
1 0.5755822177194438 0.3727660151720874 0.2196219095199062 0.6307073503092607
1 0.5332881195101384 0.29717621274649303 0.17852943487323963 0.51565643515657
1 0.44961362295050833 0.5107776165201182 0.37110224590101665 0.9784447669597636
1 0.35810006621157314 0.5023905159209934 0.3787001324231463 0.9772311481929272
1 0.2956500014141196 0.4003339372826019 0.32255000282823926 0.7787300042520637
1 0.2082750149392582 0.5630734401575399 0.3347766007547208 0.77662537031314
1 0.1599689052310645 0.17051927833882904 0.16368781046212902 0.3282839809142046
1 0.10111131508027744 0.18045251666989945 0.1553476301605549 0.3570786606107628
1 0.6870218974088873 0.8473842804648608 0.16343353223407336 0.3052314390702782