0 0.033184873449814044 0.14412808471887834 0.03753854135632886 0.035420674452321686
0 0.16726877502139062 0.15428799788842892 0.03826628742738745 0.051045674452321686
1 0.011217770266134273 0.7343666398125854 0.022435540532268546 0.25140938730530316
0 0.2843663837888963 0.14283132383181868 0.026455492142117086 0.03197742570596289
0 0.3445226337888963 0.1445816919367919 0.042080492142117086 0.032432066772189704
0 0.296164138960692 0.6117775521242064 0.033578787427387444 0.050909282132453625
1 0.3628314464470713 0.7866829607414104 0.07193938998964011 0.4266340785171792
1 0.4709308525667618 0.5638281339400908 0.10063820222902109 0.8723437321198183
0 0.5612199822173197 0.14462847070403323 0.03782963978475244 0.041670674452321685
0 0.5772900144774207 0.572236645156355 0.05810790653397539 0.07502874373179384
1 0.6494411503332315 0.5090700892712249 0.14486769933353702 0.9818598214575502
0 0.6856206687350843 0.1443366171805364 0.02227741439185813 0.04277853338609487
1 0.7426067994236087 0.5568842893899383 0.14831372290718542 0.8862314212201234
1 0.8364295740307146 0.5574214984819961 0.1545637229071854 0.885157003036008
0 0.8414532917706137 0.14104779578949317 0.026819365177646402 0.03978992570596294
1 0.9026753122438903 0.5123889690546806 0.19464937551221945 0.9752220618906389
1 0.9570054013666887 0.4315173345858644 0.0859891972666226 0.807659387305303
0 0.47262405500518 0.2327984089464085 0.08514559553293921 0.11950616943775676