1 0.904767183864033 0.2111906895128583 0.19046563227193403 0.4223813790257166
0 0.15975647683131863 0.339273219706306 0.06131987939699583 0.08539397095570589
1 0.34773509576733286 0.234629573435928 0.09196384364130097 0.13740675684847722
1 0.5499820904764989 0.5455284167925878 0.3630392973039383 0.8520649431608115
1 0.6619880118381075 0.4828014286154425 0.36948048700243613 0.8929267415011376
1 0.7538408009277823 0.4428257788205795 0.35159161427340013 0.8449861489696703
0 0.6780130428826967 0.053172205585144225 0.04716178454774678 0.06413427759440164
1 0.9203125 0.20252562322614653 0.159375 0.40505124645229307
1 0.12243182001357766 0.3538927493753001 0.2282826915346657 0.5328395012493998
1 0.15385651850606724 0.5558929572587513 0.28679553276007075 0.8882140854824974
1 0.27283069061658183 0.2607436327739162 0.20822554092584253 0.45833640871793263