1 0.07861237500164764 0.7343498439813597 0.15722475000329528 0.5313003120372806
1 0.2808557500065906 0.939944958083944 0.0591216298696164 0.07938076929603177
1 0.18772472768216092 0.5093004545594589 0.31973458522075704 0.9745319390116267
0 0.2927804204579905 0.48027396015853635 0.03683752678536116 0.05428568091374952
1 0.5194172382354678 0.6823413325594903 0.18155710632737065 0.5677114087179327
0 0.623234164779243 0.9030780398182416 0.03500229139585791 0.03854228174358667
0 0.7093625795518953 0.8856285854592754 0.04769320616851012 0.05042697510489056
1 0.40915939691904024 0.48999527012122446 0.3251039236945156 0.9799905402424489
1 0.7051325957839497 0.636279780895172 0.20192415340527142 0.572375597930052
1 0.7228361132338201 0.46024580269000354 0.32932777353235976 0.9204916053800071
1 0.87128329586338 0.370119216783299 0.0583500624991764 0.12457487012586892
1 0.8699974853927988 0.4369724008205482 0.2600050292144026 0.8739448016410964
1 0.9187697706995767 0.1904516757156575 0.15308545860084663 0.380903351431315
0 0.4256276968363147 0.24472477862008687 0.10379893019392786 0.1358209460605966