1 0.34154806137873867 0.4527044832027679 0.16594397748246603 0.09032011452679142
1 0.3330730297619061 0.5266980902563821 0.22904475478036196 0.10443108133331247
1 0.701194369213733 0.43564184068058937 0.10556768198597286 0.07019594606059662
0 0.3253759415466968 0.2610022352773603 0.04459060919158375 0.04069677759440164
1 0.2552229302879298 0.29455917386477964 0.1965932001845701 0.08331309793005195
1 0.22641110811184956 0.07546563174823091 0.061477720542635714 0.037311668466194894
1 0.14319689234957578 0.12358197780418308 0.27878393892580317 0.12841395560836616
1 0.15890103793835406 0.17452917116548727 0.30438471622369906 0.13968334233097454
1 0.17473559145441175 0.215379314111873 0.3308470866740498 0.14013362822374598
1 0.05540910471576353 0.4885539371375269 0.052743070634920806 0.07085787427505377
0 0.14432711211701915 0.7114245973053521 0.03375323874123302 0.04143048340326061
1 0.23234275600775445 0.9713135265571055 0.16816781153562213 0.05737294688578913
1 0.25824392195459833 0.9856424246899722 0.2023029796419344 0.028715150620055495
1 0.3479107919435237 0.8310303927458931 0.4933656755075678 0.22552944441021125
1 0.1767867635658936 0.8297252340279604 0.13056768198597285 0.07209033278320512
0 0.2351790569029185 0.8916817049836663 0.07331638648947966 0.05220296265733602
1 0.5196301819859729 0.1015717261537979 0.7705103639719457 0.1827787950395557
1 0.7449713409929865 0.08754880541251789 0.32744268198597287 0.08700862822374596
1 0.8286850069398304 0.10788646143115817 0.1747182001845701 0.08165550954776961
1 0.8820555405592477 0.35838429151507073 0.18655686613141392 0.09654680373891074
1 0.48790502236065036 0.3222977006339887 0.9559843938907353 0.3352204012679774
1 0.7014087129844966 0.489299636946323 0.5971825740310068 0.19918227719341636
1 0.7663421005537103 0.5311687508484144 0.46731579889257924 0.16061483943118943
1 0.5242745165005542 0.6136573290582273 0.9514509669988914 0.342986279692216
1 0.5364531438907353 0.7057739740792055 0.9270937122185294 0.34937798965025985
1 0.645737308757845 0.7654468172353727 0.7085253824843101 0.29565730333792556
1 0.500024004466595 0.8465086084032605 0.786833875692138 0.30698278319347916
1 0.8693633783130317 0.9014947514731144 0.26127324337393676 0.14856143486244164
1 0.8557910340808427 0.9444542753193165 0.2884179318383146 0.11109144936136701
1 0.20760505551864247 0.37647110207923684 0.37696062307124434 0.1560672041584737