1 0.9157809667561706 0.7749482815036567 0.16843806648765886 0.0678751868943344
0 0.16747285730220235 0.9213836910817081 0.028282130257724792 0.03466993094224939
0 0.15905616971753128 0.8655161033345242 0.021049484396167762 0.015482888367602499
1 0.7192058599041942 0.7002153513177118 0.5615882801916117 0.13403432652244457
0 0.44781437528088386 0.7347642220042871 0.03741146879233561 0.030637994804219915
0 0.4623615541591276 0.7729526368549934 0.049829581637205855 0.029949579953513706
1 0.48088582485134246 0.6775637272000672 0.7585295522385638 0.1557886302449564
0 0.13884881105653255 0.7642103294493107 0.043661468792335525 0.03107503737886681
1 0.7024410837849123 0.5941674471106675 0.5951178324301754 0.1281885181083558
1 0.549565067276569 0.5970078598676866 0.9008698654468621 0.17449434362239416
1 0.46824862675122186 0.5561257697747142 0.7687300678423957 0.14249095475058837
1 0.1542680139063516 0.579649659150723 0.13987472749876279 0.05492743664223276
0 0.11089647218323755 0.5450450662077589 0.028036468792335532 0.029982430942249394
1 0.6880643232694628 0.4730572716162996 0.6238713534610744 0.1484681671196201
1 0.3380587584792846 0.4209527303021604 0.5153594063770066 0.12010323047738733
1 0.24344894335042228 0.41110211892186455 0.3534392605154496 0.09009938418022863
1 0.8408955345427955 0.3163106088592804 0.3182089309144088 0.09481973516896432
1 0.5078611668924562 0.3334423866028917 0.9842776662150877 0.20499022679421658
1 0.35826835990419414 0.3277983100035726 0.5685662935321364 0.1253805923618863
0 0.7002611080951718 0.2552688380761601 0.0358423247398008 0.060106973516896464
1 0.5110447998637144 0.22066923499373736 0.9717598925821965 0.21428881713929043
1 0.49703653154634875 0.16284030949936953 0.9809711182719372 0.2118193810012609
1 0.7990660210308992 0.07585485366350034 0.360508132066747 0.10616142675487558
1 0.647670617367426 0.0753201151510802 0.6586933265488231 0.1506402303021604
0 0.35020579715018096 0.15899367968174177 0.034286468792335614 0.030419473516896466
0 0.6386707536180446 0.05256980899516646 0.07647396879233562 0.03336951089576328
1 0.635760437584671 0.0456517175648117 0.6652708751693421 0.0913034351296234
1 0.6316970573269463 0.012784587242980835 0.6540191146538925 0.02556917448596167
0 0.2916485051999243 0.5527925921866593 0.1418400192218769 0.09242743664223277