0 0.7306571486760924 0.15543906898087592 0.05523546360606986 0.049027361884498966
1 0.1597624518192456 0.10305893404434263 0.24520980024766903 0.1152636391239072
0 0.775340410048632 0.2621314653942502 0.03419521753501122 0.03198197351689647
0 0.7904239086008898 0.31847430054354403 0.03961046360606986 0.04793475544788164
0 0.3556358397419711 0.36282668999642737 0.053381865177646405 0.04266810124083724
1 0.218578949542934 0.46304022142320955 0.401934989246633 0.16983044284641902
1 0.44078358932768624 0.5190709721795141 0.8362800641014079 0.29987711985339616
0 0.8504839210068867 0.5212440214625504 0.04727741439185813 0.045356058666190434
0 0.47111325227180245 0.6185300227999327 0.0811815334984459 0.07108803218308672
1 0.5321554902800903 0.6692509246611886 0.9356890194398193 0.38260177456464356
0 0.8862288300220614 0.6366558540139543 0.045059942927905536 0.031184298022528624
1 0.5210683645539647 0.7715346905006305 0.8650985769216895 0.3501720507956456
1 0.5461647179447868 0.8399501517352052 0.8670249499572188 0.32009969652958964
0 0.9326950692686944 0.7816295004273285 0.04364299214211727 0.03420003737886681
1 0.5620313889561828 0.8454106889880212 0.8759372220876344 0.3091786220239577
1 0.6618344898658055 0.8983332292168796 0.676331020268389 0.20333354156624067
0 0.9806326665612166 0.9478607878061954 0.03873466687756668 0.041903276735205
0 0.7461559859368642 0.45476707962453766 0.1296575748547749 0.1087408514929388